10001100000001000000001111101000
00100100000001010000000000000000
00100100000000010000000000000001
00100100000000100000000000010100
00000000000000000000000000000000
00000000000000000000000000000000
00000000000000000000000000000000
00010000001000100000000000001110
00000000000000010001100000100000
10001100011001110000001111101000
00000000100001110011000000101010
00000000000000000000000000000000
00000000000000000000000000000000
00000000000000000000000000000000
00010000110000000000000000000010
00000000000001110010000000100000
00000000000000010010100000100000
00100100001000010000000000000001
00000000000000000000000000000000
00000000000000000000000000000000
00000000000000000000000000000000
00001000000000000000000000000111
10101100000001000000011111010000
10101100000001010000011111010100
